t, tp, r, y, u, dtp, dt
   0.000,    0.000,    0.000,    0.000,    3.030,  812.000,    5.000
   0.006, 3160.000,  128.000,    0.000,    3.030, 3160.000,    5.692
   0.013, 7136.000,  128.000,    0.000,    0.000, 3976.000,    6.958
   0.018, 11112.000,  128.000,    0.000,    0.000, 3976.000,    5.007
   0.023, 15088.000,  128.000,    0.000,    0.000, 3976.000,    5.005
   0.033, 20088.000,  128.000,    0.000,    0.000, 5000.000,   10.805
   0.038, 25088.000,  128.000,    0.000,    0.000, 5000.000,    5.001
   0.043, 30088.000,  128.000,    0.000,    0.000, 5000.000,    5.005
   0.048, 35088.000,  128.000,    0.000,    0.000, 5000.000,    5.003
   0.054, 39072.000,  128.000,    0.000,    0.000, 3984.000,    5.063
   0.059, 43040.000,  128.000,    0.000,    0.000, 3968.000,    5.001
   0.064, 47016.000,  128.000,    0.000,    0.000, 3976.000,    5.004
   0.069, 50992.000,  128.000,    0.000,    0.000, 3976.000,    5.005
   0.074, 55992.000,  128.000,    0.000,    0.000, 5000.000,    5.006
   0.079, 60992.000,  128.000,    0.000,    0.000, 5000.000,    5.003
   0.084, 65992.000,  128.000,    0.000,    0.000, 5000.000,    5.005
   0.089, 70992.000,  128.000,    0.000,    0.000, 5000.000,    5.004
   0.094, 75992.000,  128.000,    0.000,    0.000, 5000.000,    5.002
   0.099, 79968.000,  128.000,    0.070,    0.000, 3976.000,    5.002
   0.104, 83944.000,  128.000,    0.070,    0.000, 3976.000,    5.000
   0.109, 87936.000,  128.000,    0.070,    0.000, 3992.000,    5.004
   0.114, 91896.000,  128.000,    0.130,    0.000, 3960.000,    5.005
   0.119, 95872.000,  128.000,    0.130,    0.000, 3976.000,    5.001
   0.124, 100872.000,  128.000,    0.260,    0.000, 5000.000,    5.004
   0.129, 105872.000,  128.000,    0.330,    0.000, 5000.000,    5.004
   0.134, 110872.000,  128.000,    0.530,    0.000, 5000.000,    5.003
   0.139, 114848.000,  128.000,    0.590,    0.000, 3976.000,    5.005
   0.144, 118824.000,  128.000,    0.790,    0.000, 3976.000,    5.006
   0.149, 122800.000,  128.000,    1.050,    0.000, 3976.000,    5.002
   0.154, 126776.000,  128.000,    1.320,    0.000, 3976.000,    5.007
   0.159, 130752.000,  128.000,    1.580,    0.000, 3976.000,    5.001
   0.164, 135752.000,  128.000,    1.910,    0.000, 5000.000,    5.000
   0.169, 140752.000,  128.000,    2.370,    0.000, 5000.000,    5.005
   0.174, 145752.000,  128.000,    2.700,    0.000, 5000.000,    5.001
   0.179, 150752.000,  128.000,    3.230,    0.000, 5000.000,    5.004
   0.184, 154728.000,  128.000,    3.760,    0.000, 3976.000,    5.003
   0.189, 158704.000,  128.000,    4.280,    0.000, 3976.000,    5.000
   0.194, 162684.000,  128.000,    4.880,    0.000, 3980.000,    5.000
   0.199, 166656.000,  128.000,    5.600,    0.000, 3972.000,    5.000
   0.204, 170632.000,  128.000,    6.200,    0.000, 3976.000,    5.006
   0.209, 175632.000,  128.000,    6.990,    0.000, 5000.000,    5.006
   0.214, 180632.000,  128.000,    7.780,    0.000, 5000.000,    5.002
   0.219, 185632.000,  128.000,    8.570,    0.000, 5000.000,    5.006
   0.224, 189612.000,  128.000,    9.560,    0.000, 3980.000,    5.004
   0.229, 193584.000,  128.000,   10.420,    0.000, 3972.000,    5.005
   0.234, 197560.000,  128.000,   11.340,    0.000, 3976.000,    5.006
   0.239, 201536.000,  128.000,   12.460,    0.000, 3976.000,    5.003
   0.244, 205512.000,  128.000,   13.320,    0.000, 3976.000,    5.003
   0.249, 209488.000,  128.000,   14.500,    0.000, 3976.000,    5.000
   0.254, 214488.000,  128.000,   15.560,    0.000, 5000.000,    5.006
   0.259, 219488.000,  128.000,   16.740,    0.000, 5000.000,    5.070
   0.264, 224488.000,  128.000,   18.000,    0.000, 5000.000,    5.005
   0.269, 228464.000,  128.000,   19.050,    0.000, 3976.000,    5.000
   0.274, 232440.000,  128.000,   20.370,    0.000, 3976.000,    5.002
   0.279, 236420.000,  128.000,   21.490,    0.000, 3980.000,    5.004
   0.284, 240392.000,  128.000,   22.810,    0.000, 3972.000,    5.002
   0.289, 244368.000,  128.000,   23.990,    0.000, 3976.000,    5.001
   0.294, 249368.000,  128.000,   25.310,    0.000, 5000.000,    5.002
   0.299, 254368.000,  128.000,   26.700,    0.000, 5000.000,    5.005
   0.304, 259368.000,  128.000,   27.820,    0.000, 5000.000,    5.005
   0.309, 263344.000,  128.000,   29.270,    0.000, 3976.000,    5.007
   0.314, 267320.000,  128.000,   30.390,    0.000, 3976.000,    5.001
   0.319, 271296.000,  128.000,   31.770,    0.000, 3976.000,    5.007
   0.324, 275272.000,  128.000,   33.020,    0.000, 3976.000,    5.003
   0.329, 279248.000,  128.000,   34.410,    0.000, 3976.000,    5.002
   0.334, 283224.000,  128.000,   35.860,    0.000, 3976.000,    5.004
   0.339, 288224.000,  128.000,   36.980,    0.000, 5000.000,    5.006
   0.344, 293224.000,  128.000,   38.360,    0.000, 5000.000,    5.016
   0.349, 298224.000,  128.000,   39.620,    0.000, 5000.000,    5.004
   0.354, 302200.000,  128.000,   40.940,    0.000, 3976.000,    5.001
   0.359, 306176.000,  128.000,   42.060,    0.000, 3976.000,    5.001
   0.364, 310152.000,  128.000,   43.370,    0.000, 3976.000,    5.006
   0.369, 314128.000,  128.000,   44.560,    0.000, 3976.000,    5.004
   0.374, 318104.000,  128.000,   45.880,    0.000, 3976.000,    5.006
   0.379, 323104.000,  128.000,   46.930,    0.000, 5000.000,    5.002
   0.384, 328104.000,  128.000,   48.250,    0.000, 5000.000,    5.003
   0.389, 333108.000,  128.000,   49.170,    0.000, 5004.000,    5.000
   0.394, 338104.000,  128.000,   50.430,    0.000, 4996.000,    5.003
   0.399, 342092.000,  128.000,   51.480,    0.000, 3988.000,    5.003
   0.404, 346056.000,  128.000,   52.600,    0.000, 3964.000,    5.001
   0.409, 350048.000,  128.000,   53.590,    0.000, 3992.000,    5.001
   0.414, 354012.000,  128.000,   54.650,    0.000, 3964.000,    5.004
   0.419, 357984.000,  128.000,   55.500,    0.000, 3972.000,    5.002
   0.424, 362984.000,  128.000,   56.490,    0.000, 5000.000,    5.006
   0.429, 367984.000,  128.000,   57.480,    0.000, 5000.000,    5.004
   0.434, 372984.000,  128.000,   58.270,    0.000, 5000.000,    5.006
   0.439, 376960.000,  128.000,   59.060,    0.000, 3976.000,    5.000
   0.444, 380936.000,  128.000,   59.720,    0.000, 3976.000,    5.002
   0.449, 384912.000,  128.000,   60.450,    0.000, 3976.000,    5.003
   0.454, 388888.000,  128.000,   61.040,    0.000, 3976.000,    5.001
   0.459, 392864.000,  128.000,   61.570,    0.000, 3976.000,    5.004
   0.464, 397864.000,  128.000,   62.030,    0.000, 5000.000,    5.002
   0.469, 402864.000,  128.000,   62.360,    0.000, 5000.000,    5.001
   0.474, 407864.000,  128.000,   62.750,    0.000, 5000.000,    5.002
   0.479, 412864.000,  128.000,   63.020,    0.000, 5000.000,    5.001
   0.484, 416848.000,  128.000,   63.080,    0.000, 3984.000,    5.000
   0.489, 420824.000,  128.000,   63.280,    0.000, 3976.000,    5.006
   0.494, 424792.000,  128.000,   63.150,    0.000, 3968.000,    5.006
   0.499, 428768.000,  128.000,   63.080,    0.000, 3976.000,    5.001
   0.504, 433768.000,  128.000,   62.890,    0.000, 5000.000,    5.002
   0.509, 438768.000,  128.000,   62.750,    0.000, 5000.000,    5.006
   0.514, 443784.000,  128.000,   62.360,    0.000, 5016.000,    5.007
   0.519, 448768.000,  128.000,   61.960,    0.000, 4984.000,    5.002
   0.524, 452744.000,  128.000,   61.440,    0.000, 3976.000,    5.005
   0.529, 456720.000,  128.000,   60.910,    0.000, 3976.000,    5.005
   0.534, 460696.000,  128.000,   60.180,    0.000, 3976.000,    5.003
   0.539, 464688.000,  128.000,   59.390,    0.000, 3992.000,    5.007
   0.544, 468648.000,  128.000,   58.540,    0.000, 3960.000,    5.004
   0.549, 473648.000,  128.000,   57.610,    0.000, 5000.000,    5.004
   0.554, 478648.000,  128.000,   56.560,    0.000, 5000.000,    5.002
   0.559, 483648.000,  128.000,   55.500,    0.000, 5000.000,    5.001
   0.564, 488648.000,  128.000,   54.180,    0.000, 5000.000,    5.002
   0.569, 492624.000,  128.000,   52.870,    0.000, 3976.000,    5.001
   0.574, 496600.000,  128.000,   51.680,    0.000, 3976.000,    5.005
   0.579, 500576.000,  128.000,   50.160,    0.000, 3976.000,    5.002
   0.584, 504552.000,  128.000,   48.580,    0.000, 3976.000,    5.007
   0.589, 509552.000,  128.000,   47.200,    0.000, 5000.000,    5.002
   0.594, 514552.000,  128.000,   45.350,    0.000, 5000.000,    5.004
   0.599, 519552.000,  128.000,   43.570,    0.000, 5000.000,    5.000
   0.604, 524556.000,  128.000,   41.920,    0.000, 5004.000,    5.002
   0.609, 528528.000,  128.000,   39.880,    0.000, 3972.000,    5.005
   0.614, 532504.000,  128.000,   38.100,    0.000, 3976.000,    5.003
   0.619, 536480.000,  128.000,   35.990,    0.000, 3976.000,    5.005
   0.624, 540456.000,  128.000,   33.820,    0.000, 3976.000,    5.003
   0.629, 544432.000,  128.000,   31.900,    0.000, 3976.000,    5.000
   0.634, 549432.000,  128.000,   29.600,    0.000, 5000.000,    5.001
   0.639, 554432.000,  128.000,   27.220,    0.000, 5000.000,    5.005
   0.644, 559432.000,  128.000,   25.180,    0.000, 5000.000,    5.002
   0.649, 564432.000,  128.000,   22.740,    0.000, 5000.000,    5.000
   0.654, 568408.000,  128.000,   20.570,    0.000, 3976.000,    5.002
   0.659, 572384.000,  128.000,   18.060,    0.000, 3976.000,    5.007
   0.664, 576360.000,  128.000,   15.890,    0.000, 3976.000,    5.006
   0.669, 580340.000,  128.000,   13.320,    0.000, 3980.000,    5.004
   0.674, 585336.000,  128.000,   10.810,    0.000, 4996.000,    5.003
   0.679, 590336.000,  128.000,    8.570,    0.000, 5000.000,    5.005
   0.684, 595336.000,  128.000,    6.060,    0.000, 5000.000,    5.002
   0.689, 600336.000,  128.000,    3.490,    0.000, 5000.000,    5.002
   0.694, 604312.000,  128.000,    1.380,    0.000, 3976.000,    5.000
   0.699, 608288.000,  128.000,   -1.050,    0.000, 3976.000,    5.005
   0.704, 612264.000,  128.000,   -3.630,    0.000, 3976.000,    5.006
   0.709, 616240.000,  128.000,   -5.670,    0.000, 3976.000,    5.001
   0.714, 620216.000,  128.000,   -8.040,    0.000, 3976.000,    5.002
   0.719, 625216.000,  128.000,  -10.420,    0.000, 5000.000,    5.003
   0.724, 630216.000,  128.000,  -12.520,    0.000, 5000.000,    5.000
   0.729, 635216.000,  128.000,  -14.770,    0.000, 5000.000,    5.004
   0.734, 640216.000,  128.000,  -16.740,    0.000, 5000.000,    5.002
   0.739, 644192.000,  128.000,  -18.920,    0.000, 3976.000,    5.003
   0.744, 648168.000,  128.000,  -21.030,    0.000, 3976.000,    5.005
   0.749, 652144.000,  128.000,  -22.810,    0.000, 3976.000,    5.002
   0.754, 656124.000,  128.000,  -24.790,    0.000, 3980.000,    5.002
   0.759, 660096.000,  128.000,  -26.630,    0.000, 3972.000,    5.006
   0.764, 665096.000,  128.000,  -28.210,    0.000, 5000.000,    5.004
   0.769, 670096.000,  128.000,  -29.990,    0.000, 5000.000,    5.004
   0.774, 675100.000,  128.000,  -31.380,    0.000, 5004.000,    5.004
   0.779, 679072.000,  128.000,  -32.960,    0.000, 3972.000,    5.002
   0.784, 683048.000,  128.000,  -34.280,    0.000, 3976.000,    5.003
   0.789, 687024.000,  128.000,  -35.730,    0.000, 3976.000,    5.001
   0.794, 691004.000,  128.000,  -37.110,    0.000, 3980.000,    5.006
   0.799, 694976.000,  128.000,  -38.170,    0.000, 3972.000,    5.002
   0.804, 699976.000,  128.000,  -39.290,    0.000, 5000.000,    5.005
   0.809, 704976.000,  128.000,  -40.210,    0.000, 5000.000,    5.001
   0.814, 709976.000,  128.000,  -41.070,    0.000, 5000.000,    5.005
   0.819, 714976.000,  128.000,  -41.860,    0.000, 5000.000,    5.000
   0.824, 718952.000,  128.000,  -42.450,    0.000, 3976.000,    5.004
   0.829, 722928.000,  128.000,  -42.980,    0.000, 3976.000,    5.006
   0.834, 726904.000,  128.000,  -43.440,    0.000, 3976.000,    5.004
   0.839, 730880.000,  128.000,  -43.900,    0.000, 3976.000,    5.006
   0.844, 734856.000,  128.000,  -44.030,    0.000, 3976.000,    5.002
   0.849, 739856.000,  128.000,  -44.230,    0.000, 5000.000,    5.004
   0.854, 744856.000,  128.000,  -44.230,    0.000, 5000.000,    5.002
   0.859, 749856.000,  128.000,  -44.230,    0.000, 5000.000,    5.003
   0.864, 753832.000,  128.000,  -43.970,    0.000, 3976.000,    5.007
   0.869, 757808.000,  128.000,  -43.770,    0.000, 3976.000,    5.002
   0.874, 761784.000,  128.000,  -43.370,    0.000, 3976.000,    5.005
   0.879, 765760.000,  128.000,  -42.850,    0.000, 3976.000,    5.006
   0.884, 769736.000,  128.000,  -42.320,    0.000, 3976.000,    5.006
   0.889, 774736.000,  128.000,  -41.660,    0.000, 5000.000,    5.003
   0.894, 779736.000,  128.000,  -41.000,    0.000, 5000.000,    5.007
   0.899, 784744.000,  128.000,  -40.080,    0.000, 5008.000,    5.002
   0.904, 789736.000,  128.000,  -39.020,    0.000, 4992.000,    5.042
   0.909, 793712.000,  128.000,  -38.100,    0.000, 3976.000,    5.001
   0.914, 797688.000,  128.000,  -36.850,    0.000, 3976.000,    5.004
   0.919, 801664.000,  128.000,  -35.790,    0.000, 3976.000,    5.004
   0.924, 805640.000,  128.000,  -34.410,    0.000, 3976.000,    5.001
   0.929, 809616.000,  128.000,  -32.890,    0.000, 3976.000,    5.004
   0.934, 814620.000,  128.000,  -31.510,    0.000, 5004.000,    5.000
   0.939, 819616.000,  128.000,  -29.930,    0.000, 4996.000,    5.006
   0.944, 824616.000,  128.000,  -28.410,    0.000, 5000.000,    5.006
   0.949, 828592.000,  128.000,  -26.630,    0.000, 3976.000,    5.002
   0.954, 832568.000,  128.000,  -24.790,    0.000, 3976.000,    5.001
   0.959, 836552.000,  128.000,  -23.140,    0.000, 3984.000,    5.000
   0.964, 840520.000,  128.000,  -21.090,    0.000, 3968.000,    5.002
   0.969, 844496.000,  128.000,  -19.450,    0.000, 3976.000,    5.005
   0.974, 849496.000,  128.000,  -17.270,    0.000, 5000.000,    5.002
   0.979, 854496.000,  128.000,  -15.160,    0.000, 5000.000,    5.002
   0.984, 859496.000,  128.000,  -13.320,    0.000, 5000.000,    5.007
   0.989, 864500.000,  128.000,  -10.940,    0.000, 5004.000,    5.002
   0.994, 868472.000,  128.000,   -9.100,    0.000, 3972.000,    5.000
   0.999, 872448.000,  128.000,   -6.720,    0.000, 3976.000,    5.106
   1.004, 876424.000,  128.000,   -4.420,    0.000, 3976.000,    5.003
   1.009, 880408.000,  128.000,   -2.370,    0.000, 3984.000,    5.000
   1.014, 885400.000,  128.000,    0.000,    0.000, 4992.000,    5.001
   1.019, 890400.000,  128.000,    2.370,    0.000, 5000.000,    5.003
   1.024, 895408.000,  128.000,    4.350,    0.000, 5008.000,    5.001
   1.029, 900400.000,  128.000,    6.860,    0.000, 4992.000,    5.000
   1.034, 905400.000,  128.000,    9.100,    0.000, 5000.000,    5.001
   1.039, 909376.000,  128.000,   11.470,    0.000, 3976.000,    5.007
   1.044, 913356.000,  128.000,   13.510,    0.000, 3980.000,    5.000
   1.049, 917336.000,  128.000,   15.890,    0.000, 3980.000,    5.002
   1.054, 921304.000,  128.000,   18.190,    0.000, 3968.000,    5.002
   1.059, 926304.000,  128.000,   20.100,    0.000, 5000.000,    5.004
   1.064, 931304.000,  128.000,   22.280,    0.000, 5000.000,    5.000
   1.069, 936304.000,  128.000,   24.520,    0.000, 5000.000,    5.006
   1.074, 941304.000,  128.000,   26.370,    0.000, 5000.000,    5.005
   1.079, 945280.000,  128.000,   28.340,    0.000, 3976.000,    5.005
   1.084, 949256.000,  128.000,   30.390,    0.000, 3976.000,    5.000
   1.089, 953232.000,  128.000,   32.040,    0.000, 3976.000,    5.000
   1.094, 957208.000,  128.000,   34.010,    0.000, 3976.000,    5.002
   1.099, 961184.000,  128.000,   35.730,    0.000, 3976.000,    5.002
   1.104, 966184.000,  128.000,   37.310,    0.000, 5000.000,    5.002
   1.109, 971184.000,  128.000,   38.890,    0.000, 5000.000,    5.002
   1.114, 976184.000,  128.000,   40.340,    0.000, 5000.000,    5.000
   1.119, 981184.000,  128.000,   41.790,    0.000, 5000.000,    5.005
