t,tp,y,u,pot,dtp,dt,step,pct,ref
0.000000,0.000000,0.065918,100.000000,0.000000,0.049516,0.000464,0.000000,0.000044,0.000000
0.050463,0.049504,1.450195,0.000000,0.000000,0.049504,0.050010,1.000000,0.049544,0.000000
0.100473,0.099556,10.612793,0.000000,0.000000,0.050052,0.050009,2.000000,0.099596,0.000000
0.150480,0.149652,23.466797,0.000000,0.000000,0.050096,0.050007,3.000000,0.149692,0.000000
0.200482,0.199708,34.606934,0.000000,0.000000,0.050056,0.050002,4.000000,0.199744,0.000000
0.250486,0.249800,40.869141,0.000000,0.000000,0.050092,0.050004,5.000000,0.249840,0.000000
0.300489,0.299860,40.407715,0.000000,0.000000,0.050060,0.050003,6.000000,0.299900,0.000000
0.350497,0.349904,33.288574,0.000000,0.000000,0.050044,0.050008,7.000000,0.349948,0.000000
0.400505,0.400000,20.302734,0.000000,0.000000,0.050096,0.050008,8.000000,0.400040,0.000000
0.450513,0.450096,3.757324,0.000000,0.000000,0.050096,0.050009,9.000000,0.450136,0.000000
0.500516,0.500140,-13.051758,0.000000,0.000000,0.050044,0.050004,10.000000,0.500180,0.000000
0.550526,0.550232,-26.630859,0.000000,0.000000,0.050092,0.050008,11.000000,0.550272,0.000000
0.600531,0.600284,-34.541016,0.000000,0.000000,0.050052,0.050005,12.000000,0.600324,0.000000
0.650534,0.650380,-35.463867,0.000000,0.000000,0.050096,0.050003,13.000000,0.650420,0.000000
0.700534,0.700444,-29.267578,0.000000,0.000000,0.050064,0.050000,14.000000,0.700480,0.000000
0.750537,0.750536,-17.138672,0.000000,0.000000,0.050092,0.050003,15.000000,0.750576,0.000000
0.800545,0.800596,-1.582031,0.000000,0.000000,0.050060,0.050008,16.000000,0.800636,0.000000
0.850550,0.850644,14.304199,0.000000,0.000000,0.050048,0.050005,17.000000,0.850684,0.000000
0.900554,0.900736,27.224121,0.000000,0.000000,0.050092,0.050004,18.000000,0.900776,0.000000
0.950558,0.951216,34.343262,0.000000,0.000000,0.050480,0.050004,19.000000,0.951256,0.000000
1.000560,1.000876,34.409180,0.000000,0.000000,0.049660,0.050003,20.000000,1.000912,0.000000
1.050569,1.050928,27.949219,0.000000,0.000000,0.050052,0.050008,21.000000,1.050972,0.000000
1.100578,1.101024,15.952148,0.000000,0.000000,0.050096,0.050009,22.000000,1.101064,0.000000
1.150585,1.151116,0.791016,0.000000,0.000000,0.050092,0.050007,23.000000,1.151156,0.000000
1.200593,1.201180,-14.370117,0.000000,0.000000,0.050064,0.050008,24.000000,1.201216,0.000000
1.250598,1.251228,-26.235352,0.000000,0.000000,0.050048,0.050006,25.000000,1.251268,0.000000
1.300607,1.301328,-32.695312,0.000000,0.000000,0.050100,0.050008,26.000000,1.301368,0.000000
1.350610,1.351380,-32.695312,0.000000,0.000000,0.050052,0.050003,27.000000,1.351420,0.000000
1.400614,1.401472,-26.037598,0.000000,0.000000,0.050092,0.050004,28.000000,1.401512,0.000000
1.450619,1.451952,-14.172363,0.000000,0.000000,0.050480,0.050006,29.000000,1.451992,0.000000
1.500620,1.501620,0.527344,0.000000,0.000000,0.049668,0.050000,30.000000,1.501656,0.000000
1.550629,1.551676,15.161133,0.000000,0.000000,0.050056,0.050009,31.000000,1.551716,0.000000
1.600635,1.602148,26.696777,0.000000,0.000000,0.050472,0.050006,32.000000,1.602192,0.000000
1.650636,1.652248,32.431641,0.000000,0.000000,0.050100,0.050002,33.000000,1.652288,0.000000
1.700639,1.701908,31.640625,0.000000,0.000000,0.049660,0.050002,34.000000,1.701944,0.000000
1.750644,1.751956,24.587402,0.000000,0.000000,0.050048,0.050007,35.000000,1.751996,0.000000
1.800651,1.802048,12.722168,0.000000,0.000000,0.050092,0.050005,36.000000,1.802088,0.000000
1.850657,1.852136,-1.582031,0.000000,0.000000,0.050088,0.050006,37.000000,1.852176,0.000000
1.900665,1.902196,-15.424805,0.000000,0.000000,0.050060,0.050008,38.000000,1.902236,0.000000
1.950665,1.952680,-25.839844,0.000000,0.000000,0.050484,0.050000,39.000000,1.952720,0.000000
2.000670,2.002348,-30.981445,0.000000,0.000000,0.049668,0.050006,40.000000,2.002384,0.000000
2.050671,2.052396,-29.729004,0.000000,0.000000,0.050048,0.050001,41.000000,2.052436,0.000000
2.100672,2.102916,-22.543945,0.000000,0.000000,0.050520,0.050000,42.000000,2.102956,0.000000
2.150679,2.152536,-10.810547,0.000000,0.000000,0.049620,0.050008,43.000000,2.152576,0.000000
2.200683,2.202628,3.164062,0.000000,0.000000,0.050092,0.050003,44.000000,2.202668,0.000000
2.250692,2.252672,16.479492,0.000000,0.000000,0.050044,0.050012,45.000000,2.252716,0.000000
2.300692,2.302760,26.235352,0.000000,0.000000,0.050088,0.050001,46.000000,2.302800,0.000000
2.350705,2.352848,30.585938,0.000000,0.000000,0.050088,0.050010,47.000000,2.352888,0.000000
2.400713,2.402936,28.608398,0.000000,0.000000,0.050088,0.050007,48.000000,2.402976,0.000000
2.450715,2.453424,20.961914,0.000000,0.000000,0.050488,0.050003,49.000000,2.453464,0.000000
2.500715,2.503476,9.096680,0.000000,0.000000,0.050052,0.050000,50.000000,2.503516,0.000000
2.550721,2.553140,-4.350586,0.000000,0.000000,0.049664,0.050005,51.000000,2.553176,0.000000
2.600729,2.603652,-16.809082,0.000000,0.000000,0.050512,0.050009,52.000000,2.603692,0.000000
2.650735,2.653272,-25.576172,0.000000,0.000000,0.049620,0.050005,53.000000,2.653312,0.000000
2.700739,2.703796,-29.135742,0.000000,0.000000,0.050524,0.050004,54.000000,2.703832,0.000000
2.750744,2.753420,-26.762695,0.000000,0.000000,0.049624,0.050004,55.000000,2.753456,0.000000
2.800750,2.803512,-18.984375,0.000000,0.000000,0.050092,0.050007,56.000000,2.803552,0.000000
2.850752,2.853564,-7.382812,0.000000,0.000000,0.050052,0.050003,57.000000,2.853604,0.000000
2.900760,2.904092,5.932617,0.000000,0.000000,0.050528,0.050007,58.000000,2.904128,0.000000
2.950764,2.953704,17.797852,0.000000,0.000000,0.049612,0.050004,59.000000,2.953744,0.000000
3.000765,3.004228,25.971680,0.000000,0.000000,0.050524,0.050001,60.000000,3.004268,0.000000
3.050773,3.054276,28.740234,0.000000,0.000000,0.050048,0.050009,61.000000,3.054316,0.000000
3.100780,3.104368,25.576172,0.000000,0.000000,0.050092,0.050006,62.000000,3.104408,0.000000
3.150780,3.154412,17.402344,0.000000,0.000000,0.050044,0.050000,63.000000,3.154452,0.000000
3.200697,3.204504,5.668945,0.000000,0.000000,0.050092,0.050008,64.000000,3.204544,0.000000
3.250789,3.254556,-6.987305,0.000000,0.000000,0.050052,0.050002,65.000000,3.254596,0.000000
3.300795,3.304652,-18.061523,0.000000,0.000000,0.050096,0.050005,66.000000,3.304692,0.000000
3.350797,3.354708,-25.246582,0.000000,0.000000,0.050056,0.050002,67.000000,3.354744,0.000000
3.400803,3.404804,-27.290039,0.000000,0.000000,0.050096,0.050006,68.000000,3.404844,0.000000
3.400813,3.671768,21.687012,0.000000,0.000000,0.266964,0.254630,69.000000,3.671804,0.000000
3.705435,3.709820,25.905762,0.000000,0.000000,0.038052,0.050005,70.000000,3.709860,0.000000
3.755441,3.759868,26.630859,0.000000,0.000000,0.050048,0.050004,71.000000,3.759908,0.000000
3.805449,3.809968,21.950684,0.000000,0.000000,0.050100,0.050008,72.000000,3.810008,0.000000
3.855456,3.860020,12.919922,0.000000,0.000000,0.050052,0.050006,73.000000,3.860060,0.000000
3.905463,3.910112,1.318359,0.000000,0.000000,0.050092,0.050007,74.000000,3.910152,0.000000
3.955467,3.960164,-10.283203,0.000000,0.000000,0.050052,0.050004,75.000000,3.960204,0.000000
4.005473,4.010256,-19.709473,0.000000,0.000000,0.050092,0.050006,76.000000,4.010296,0.000000
4.055474,4.060316,-24.916992,0.000000,0.000000,0.050060,0.050001,77.000000,4.060352,0.000000
4.105483,4.110368,-24.916992,0.000000,0.000000,0.050052,0.050009,78.000000,4.110408,0.000000
4.155485,4.160464,-19.973145,0.000000,0.000000,0.050096,0.050002,79.000000,4.160504,0.000000
4.205489,4.210524,-10.810547,0.000000,0.000000,0.050060,0.050005,80.000000,4.210564,0.000000
4.255492,4.260616,0.527344,0.000000,0.000000,0.050092,0.050002,81.000000,4.260656,0.000000
4.305501,4.311104,11.865234,0.000000,0.000000,0.050488,0.050009,82.000000,4.311144,0.000000
4.355507,4.360764,20.566406,0.000000,0.000000,0.049660,0.050006,83.000000,4.360800,0.000000
4.405515,4.410812,24.916992,0.000000,0.000000,0.050048,0.050009,84.000000,4.410852,0.000000
4.455520,4.460912,24.257812,0.000000,0.000000,0.050100,0.050004,85.000000,4.460952,0.000000
4.505522,4.510952,18.786621,0.000000,0.000000,0.050040,0.050002,86.000000,4.510996,0.000000
4.555527,4.561052,9.558105,0.000000,0.000000,0.050100,0.050005,87.000000,4.561092,0.000000
4.605533,4.611108,-1.516113,0.000000,0.000000,0.050056,0.050006,88.000000,4.611144,0.000000
4.655537,4.661200,-12.128906,0.000000,0.000000,0.050092,0.050005,89.000000,4.661240,0.000000
4.705545,4.711252,-20.039062,0.000000,0.000000,0.050052,0.050008,90.000000,4.711292,0.000000
4.755547,4.761780,-23.862305,0.000000,0.000000,0.050528,0.050001,91.000000,4.761816,0.000000
4.805549,4.811400,-22.543945,0.000000,0.000000,0.049620,0.050002,92.000000,4.811440,0.000000
4.855558,4.861496,-16.743164,0.000000,0.000000,0.050096,0.050009,93.000000,4.861536,0.000000
4.905558,4.911968,-7.382812,0.000000,0.000000,0.050472,0.050000,94.000000,4.912008,0.000000
4.955565,4.961636,3.427734,0.000000,0.000000,0.049668,0.050008,95.000000,4.961672,0.000000
5.005572,5.012148,13.579102,0.000000,0.000000,0.050512,0.050007,96.000000,5.012188,0.000000
5.055578,5.062196,20.830078,0.000000,0.000000,0.050048,0.050005,97.000000,5.062236,0.000000
5.105583,5.111860,23.598633,0.000000,0.000000,0.049664,0.050005,98.000000,5.111896,0.000000
5.155583,5.161900,21.687012,0.000000,0.000000,0.050040,0.050000,99.000000,5.161940,0.000000
5.205589,5.212000,15.424805,0.000000,0.000000,0.050100,0.050007,100.000000,5.212040,0.000000
5.255591,5.262044,6.130371,0.000000,0.000000,0.050044,0.050001,101.000000,5.262084,0.000000
5.305588,5.312144,-4.350586,0.000000,0.000000,0.050100,0.050000,102.000000,5.312184,0.000000
5.355591,5.362188,-13.710938,0.000000,0.000000,0.050044,0.050000,103.000000,5.362228,0.000000
5.405591,5.412280,-20.170898,0.000000,0.000000,0.050092,0.050000,104.000000,5.412320,0.000000
5.455598,5.462332,-22.346191,0.000000,0.000000,0.050052,0.050007,105.000000,5.462372,0.000000
5.505606,5.512852,-19.907227,0.000000,0.000000,0.050520,0.050008,106.000000,5.512892,0.000000
5.555607,5.562516,-13.381348,0.000000,0.000000,0.049664,0.050001,107.000000,5.562556,0.000000
5.605613,5.612572,-4.086914,0.000000,0.000000,0.050056,0.050007,108.000000,5.612608,0.000000
5.655620,5.662656,6.130371,0.000000,0.000000,0.050084,0.050006,109.000000,5.662696,0.000000
5.705623,5.712700,14.897461,0.000000,0.000000,0.050044,0.050003,110.000000,5.712740,0.000000
5.755627,5.762800,20.632324,0.000000,0.000000,0.050100,0.050005,111.000000,5.762840,0.000000
5.805637,5.812860,21.950684,0.000000,0.000000,0.050060,0.050009,112.000000,5.812900,0.000000
5.855637,5.863344,18.786621,0.000000,0.000000,0.050484,0.050000,113.000000,5.863384,0.000000
5.905641,5.913004,11.931152,0.000000,0.000000,0.049660,0.050004,114.000000,5.913040,0.000000
5.955644,5.963052,2.702637,0.000000,0.000000,0.050048,0.050003,115.000000,5.963092,0.000000
6.005644,6.013572,-7.053223,0.000000,0.000000,0.050520,0.050001,116.000000,6.013612,0.000000
6.055653,6.063236,-15.029297,0.000000,0.000000,0.049664,0.050008,117.000000,6.063272,0.000000
6.105658,6.113720,-19.973145,0.000000,0.000000,0.050484,0.050005,118.000000,6.113760,0.000000
6.155665,6.163816,-20.566406,0.000000,0.000000,0.050096,0.050008,119.000000,6.163856,0.000000
6.205673,6.213860,-17.006836,0.000000,0.000000,0.050044,0.050007,120.000000,6.213900,0.000000
6.255682,6.263956,-9.887695,0.000000,0.000000,0.050096,0.050009,121.000000,6.263996,0.000000
6.305681,6.314012,-0.725098,0.000000,0.000000,0.050056,0.050000,122.000000,6.314048,0.000000
6.355688,6.364104,8.569336,0.000000,0.000000,0.050092,0.050006,123.000000,6.364144,0.000000
6.405687,6.414164,16.083984,0.000000,0.000000,0.050060,0.050000,124.000000,6.414204,0.000000
6.455684,6.463828,20.104980,0.000000,0.000000,0.049664,0.050000,125.000000,6.463864,0.000000
6.505693,6.514304,19.907227,0.000000,0.000000,0.050476,0.050005,126.000000,6.514344,0.000000
6.555694,6.563924,15.820312,0.000000,0.000000,0.049620,0.050001,127.000000,6.563968,0.000000
6.605694,6.614020,8.437500,0.000000,0.000000,0.050096,0.050000,128.000000,6.614060,0.000000
6.655696,6.664112,-0.527344,0.000000,0.000000,0.050092,0.050002,129.000000,6.664152,0.000000
6.705699,6.714164,-9.228516,0.000000,0.000000,0.050052,0.050003,130.000000,6.714204,0.000000
6.755707,6.764256,-15.952148,0.000000,0.000000,0.050092,0.050008,131.000000,6.764296,0.000000
6.805713,6.814752,-19.248047,0.000000,0.000000,0.050496,0.050006,132.000000,6.814792,0.000000
6.855713,6.864368,-18.457031,0.000000,0.000000,0.049616,0.050000,133.000000,6.864408,0.000000
6.905713,6.914464,-13.908691,0.000000,0.000000,0.050096,0.050001,134.000000,6.914504,0.000000
6.955720,6.964516,-6.525879,0.000000,0.000000,0.050052,0.050006,135.000000,6.964556,0.000000
7.005728,7.014616,2.373047,0.000000,0.000000,0.050100,0.050008,136.000000,7.014656,0.000000
7.055732,7.065096,10.678711,0.000000,0.000000,0.050480,0.050004,137.000000,7.065136,0.000000
7.105733,7.114756,16.677246,0.000000,0.000000,0.049660,0.050002,138.000000,7.114796,0.000000
7.155737,7.164840,19.116211,0.000000,0.000000,0.050084,0.050003,139.000000,7.164880,0.000000
7.205741,7.214884,17.666016,0.000000,0.000000,0.050044,0.050004,140.000000,7.214924,0.000000
7.255745,7.264976,12.524414,0.000000,0.000000,0.050092,0.050004,141.000000,7.265016,0.000000
7.305749,7.315028,5.009766,0.000000,0.000000,0.050052,0.050004,142.000000,7.315068,0.000000
7.355756,7.365548,-3.625488,0.000000,0.000000,0.050520,0.050007,143.000000,7.365588,0.000000
7.405760,7.415592,-11.271973,0.000000,0.000000,0.050044,0.050004,144.000000,7.415636,0.000000
7.455762,7.465268,-16.347656,0.000000,0.000000,0.049676,0.050002,145.000000,7.465304,0.000000
7.505771,7.515316,-18.127441,0.000000,0.000000,0.050048,0.050009,146.000000,7.515356,0.000000
7.555779,7.565844,-16.018066,0.000000,0.000000,0.050528,0.050008,147.000000,7.565880,0.000000
7.605788,7.615500,-10.678711,0.000000,0.000000,0.049656,0.050009,148.000000,7.615536,0.000000
7.655789,7.665548,-3.098145,0.000000,0.000000,0.050048,0.050002,149.000000,7.665588,0.000000
7.705791,7.715604,5.141602,0.000000,0.000000,0.050056,0.050001,150.000000,7.715644,0.000000
7.755795,7.765688,12.260742,0.000000,0.000000,0.050084,0.050004,151.000000,7.765728,0.000000
7.805797,7.816212,16.875000,0.000000,0.000000,0.050524,0.050002,152.000000,7.816248,0.000000
7.855802,7.865832,17.797852,0.000000,0.000000,0.049620,0.050005,153.000000,7.865872,0.000000
7.905805,7.916356,15.029297,0.000000,0.000000,0.050524,0.050003,154.000000,7.916396,0.000000
7.955807,7.965984,9.294434,0.000000,0.000000,0.049628,0.050002,155.000000,7.966024,0.000000
8.005807,8.016044,1.647949,0.000000,0.000000,0.050060,0.050000,156.000000,8.016080,0.000000
8.055807,8.066564,-6.262207,0.000000,0.000000,0.050520,0.050000,157.000000,8.066600,0.000000
8.105811,8.116212,-12.590332,0.000000,0.000000,0.049648,0.050004,158.000000,8.116256,0.000000
8.155817,8.166268,-16.281738,0.000000,0.000000,0.050056,0.050006,159.000000,8.166308,0.000000
8.205817,8.216360,-16.611328,0.000000,0.000000,0.050092,0.050000,160.000000,8.216400,0.000000
8.255818,8.266404,-13.381348,0.000000,0.000000,0.050044,0.050001,161.000000,8.266444,0.000000
8.305827,8.316496,-7.382812,0.000000,0.000000,0.050092,0.050009,162.000000,8.316536,0.000000
8.355828,8.366964,0.131836,0.000000,0.000000,0.050468,0.050001,163.000000,8.367008,0.000000
8.405834,8.416636,7.514648,0.000000,0.000000,0.049672,0.050006,164.000000,8.416672,0.000000
8.455843,8.466720,13.447266,0.000000,0.000000,0.050084,0.050009,165.000000,8.466760,0.000000
8.505852,8.517200,16.479492,0.000000,0.000000,0.050480,0.050009,166.000000,8.517240,0.000000
8.555860,8.567296,16.083984,0.000000,0.000000,0.050096,0.050008,167.000000,8.567336,0.000000
8.605863,8.617336,12.392578,0.000000,0.000000,0.050040,0.050003,168.000000,8.617380,0.000000
8.655862,8.667432,6.196289,0.000000,0.000000,0.050096,0.050000,169.000000,8.667472,0.000000
8.705870,8.717484,-1.186523,0.000000,0.000000,0.050052,0.050007,170.000000,8.717524,0.000000
8.755876,8.767588,-8.173828,0.000000,0.000000,0.050104,0.050006,171.000000,8.767628,0.000000
8.805878,8.817636,-13.315430,0.000000,0.000000,0.050048,0.050002,172.000000,8.817680,0.000000
8.855886,8.867728,-15.688477,0.000000,0.000000,0.050092,0.050008,173.000000,8.867768,0.000000
8.905887,8.917816,-14.633789,0.000000,0.000000,0.050088,0.050001,174.000000,8.917856,0.000000
8.955893,8.967860,-10.546875,0.000000,0.000000,0.050044,0.050006,175.000000,8.967900,0.000000
9.005895,9.017952,-4.350586,0.000000,0.000000,0.050092,0.050002,176.000000,9.017992,0.000000
9.055904,9.067996,2.768555,0.000000,0.000000,0.050044,0.050009,177.000000,9.068036,0.000000
9.105903,9.118088,9.360352,0.000000,0.000000,0.050092,0.050007,178.000000,9.118128,0.000000
9.155916,9.168176,13.974609,0.000000,0.000000,0.050088,0.050005,179.000000,9.168216,0.000000
9.205921,9.218220,15.622559,0.000000,0.000000,0.050044,0.050005,180.000000,9.218260,0.000000
9.255924,9.268316,13.974609,0.000000,0.000000,0.050096,0.050003,181.000000,9.268356,0.000000
9.305923,9.318364,9.558105,0.000000,0.000000,0.050048,0.050000,182.000000,9.318412,0.000000
9.355931,9.368456,3.229980,0.000000,0.000000,0.050092,0.050007,183.000000,9.368496,0.000000
9.405935,9.418496,-3.625488,0.000000,0.000000,0.050040,0.050004,184.000000,9.418540,0.000000
9.455936,9.468592,-9.689941,0.000000,0.000000,0.050096,0.050001,185.000000,9.468632,0.000000
9.505941,9.518640,-13.579102,0.000000,0.000000,0.050048,0.050005,186.000000,9.518684,0.000000
9.555948,9.568736,-14.501953,0.000000,0.000000,0.050096,0.050008,187.000000,9.568776,0.000000
9.605949,9.618824,-12.524414,0.000000,0.000000,0.050088,0.050000,188.000000,9.618864,0.000000
9.655952,9.668868,-7.910156,0.000000,0.000000,0.050044,0.050003,189.000000,9.668908,0.000000
9.705957,9.718964,-1.582031,0.000000,0.000000,0.050096,0.050005,190.000000,9.719004,0.000000
9.755958,9.769020,5.009766,0.000000,0.000000,0.050056,0.050001,191.000000,9.769056,0.000000
9.805963,9.819104,10.612793,0.000000,0.000000,0.050084,0.050005,192.000000,9.819148,0.000000
9.855969,9.869156,13.842773,0.000000,0.000000,0.050052,0.050006,193.000000,9.869196,0.000000
9.905969,9.919256,14.304199,0.000000,0.000000,0.050100,0.050000,194.000000,9.919296,0.000000
9.955971,9.969336,11.733398,0.000000,0.000000,0.050080,0.050002,195.000000,9.969376,0.000000
10.005979,10.019380,6.855469,0.000000,0.000000,0.050044,0.050008,196.000000,10.019420,0.000000
10.055988,10.069472,0.593262,0.000000,0.000000,0.050092,0.050009,197.000000,10.069512,0.000000
10.105988,10.119516,-5.668945,0.000000,0.000000,0.050044,0.050000,198.000000,10.119556,0.000000
10.155989,10.169608,-10.546875,0.000000,0.000000,0.050092,0.050001,199.000000,10.169648,0.000000
10.205989,10.219700,-13.183594,0.000000,0.000000,0.050092,0.050000,200.000000,10.219740,0.000000
10.255991,10.269764,-13.117676,0.000000,0.000000,0.050064,0.050002,201.000000,10.269800,0.000000
10.305995,10.319812,-10.217285,0.000000,0.000000,0.050048,0.050005,202.000000,10.319852,0.000000
10.355996,10.369912,-5.207520,0.000000,0.000000,0.050100,0.050000,203.000000,10.369952,0.000000
10.405998,10.419964,0.856934,0.000000,0.000000,0.050052,0.050002,204.000000,10.420004,0.000000
10.455998,10.470020,6.855469,0.000000,0.000000,0.050056,0.050000,205.000000,10.470060,0.000000
10.506004,10.520112,11.337891,0.000000,0.000000,0.050092,0.050006,206.000000,10.520152,0.000000
10.555994,10.570200,13.315430,0.000000,0.000000,0.050088,0.050008,207.000000,10.570240,0.000000
10.606016,10.620252,12.524414,0.000000,0.000000,0.050052,0.050004,208.000000,10.620292,0.000000
10.656025,10.670344,9.294434,0.000000,0.000000,0.050092,0.050009,209.000000,10.670384,0.000000
10.706033,10.720396,4.218750,0.000000,0.000000,0.050052,0.050008,210.000000,10.720432,0.000000
10.756039,10.770484,-1.779785,0.000000,0.000000,0.050088,0.050006,211.000000,10.770524,0.000000
10.806045,10.820540,-7.250977,0.000000,0.000000,0.050056,0.050006,212.000000,10.820580,0.000000
10.856053,10.870640,-11.008301,0.000000,0.000000,0.050100,0.050008,213.000000,10.870680,0.000000
10.906062,10.920692,-12.524414,0.000000,0.000000,0.050052,0.050009,214.000000,10.920732,0.000000
10.956070,10.970792,-11.271973,0.000000,0.000000,0.050100,0.050008,215.000000,10.970832,0.000000
11.006076,11.020844,-7.778320,0.000000,0.000000,0.050052,0.050006,216.000000,11.020884,0.000000
11.056077,11.071928,-2.504883,0.000000,0.000000,0.051084,0.051072,217.000000,11.071968,0.000000
11.107149,11.122152,3.229980,0.000000,0.000000,0.050224,0.050001,218.000000,11.122192,0.000000
11.157153,11.172068,8.239746,0.000000,0.000000,0.049916,0.050004,219.000000,11.172108,0.000000
11.207152,11.222156,11.469727,0.000000,0.000000,0.050088,0.050000,220.000000,11.222196,0.000000
11.257159,11.272212,12.260742,0.000000,0.000000,0.050056,0.050006,221.000000,11.272248,0.000000
11.307168,11.322440,10.612793,0.000000,0.000000,0.050228,0.050009,222.000000,11.322476,0.000000
11.357170,11.372356,6.723633,0.000000,0.000000,0.049916,0.050002,223.000000,11.372396,0.000000
11.407170,11.422412,1.582031,0.000000,0.000000,0.050056,0.050000,224.000000,11.422452,0.000000
11.457169,11.472504,-3.823242,0.000000,0.000000,0.050092,0.050000,225.000000,11.472544,0.000000
11.507173,11.522592,-8.305664,0.000000,0.000000,0.050088,0.050003,226.000000,11.522632,0.000000
11.557181,11.572644,-10.942383,0.000000,0.000000,0.050052,0.050008,227.000000,11.572684,0.000000
11.607185,11.633308,-11.008301,0.000000,0.000000,0.060664,0.050005,228.000000,11.633348,0.000000
11.657194,11.672792,-9.162598,0.000000,0.000000,0.039484,0.050008,229.000000,11.672832,0.000000
11.657204,11.822984,5.075684,0.000000,0.000000,0.150192,0.149703,230.000000,11.823028,0.000000
11.856900,11.873072,9.096680,0.000000,0.000000,0.050088,0.050003,231.000000,11.873112,0.000000
11.906904,11.923160,11.140137,0.000000,0.000000,0.050088,0.050004,232.000000,11.923200,0.000000
11.956904,11.973220,10.876465,0.000000,0.000000,0.050060,0.050001,233.000000,11.973260,0.000000
12.006912,12.023312,8.437500,0.000000,0.000000,0.050092,0.050007,234.000000,12.023352,0.000000
12.056912,12.073356,4.284668,0.000000,0.000000,0.050044,0.050000,235.000000,12.073396,0.000000
12.106912,12.123448,-0.659180,0.000000,0.000000,0.050092,0.050000,236.000000,12.123488,0.000000
12.156915,12.173500,-5.405273,0.000000,0.000000,0.050052,0.050003,237.000000,12.173540,0.000000
12.206922,12.223604,-8.833008,0.000000,0.000000,0.050104,0.050008,238.000000,12.223644,0.000000
12.256926,12.273668,-10.415039,0.000000,0.000000,0.050064,0.050003,239.000000,12.273704,0.000000
12.306933,12.323752,-9.689941,0.000000,0.000000,0.050084,0.050007,240.000000,12.323792,0.000000
12.356937,12.373796,-6.987305,0.000000,0.000000,0.050044,0.050004,241.000000,12.373836,0.000000
12.406944,12.423888,-2.768555,0.000000,0.000000,0.050092,0.050007,242.000000,12.423928,0.000000
12.456947,12.473932,2.109375,0.000000,0.000000,0.050044,0.050003,243.000000,12.473972,0.000000
12.506954,12.524024,6.394043,0.000000,0.000000,0.050092,0.050007,244.000000,12.524064,0.000000
12.556956,12.574072,9.360352,0.000000,0.000000,0.050048,0.050002,245.000000,12.574116,0.000000
12.606965,12.624168,10.349121,0.000000,0.000000,0.050096,0.050009,246.000000,12.624208,0.000000
12.656973,12.674260,9.228516,0.000000,0.000000,0.050092,0.050009,247.000000,12.674300,0.000000
12.706976,12.724324,6.196289,0.000000,0.000000,0.050064,0.050002,248.000000,12.724360,0.000000
12.756985,12.774360,1.911621,0.000000,0.000000,0.050036,0.050009,249.000000,12.774412,0.000000
12.806987,12.824464,-2.570801,0.000000,0.000000,0.050104,0.050002,250.000000,12.824504,0.000000
12.856987,12.874516,-6.459961,0.000000,0.000000,0.050052,0.050000,251.000000,12.874556,0.000000
12.906995,12.924616,-8.898926,0.000000,0.000000,0.050100,0.050009,252.000000,12.924656,0.000000
12.957002,12.974668,-9.360352,0.000000,0.000000,0.050052,0.050006,253.000000,12.974708,0.000000
13.007010,13.024760,-7.844238,0.000000,0.000000,0.050092,0.050008,254.000000,13.024800,0.000000
13.057014,13.074812,-4.680176,0.000000,0.000000,0.050052,0.050004,255.000000,13.074852,0.000000
13.107014,13.124912,-0.527344,0.000000,0.000000,0.050100,0.050000,256.000000,13.124952,0.000000
13.157017,13.174964,3.757324,0.000000,0.000000,0.050052,0.050003,257.000000,13.175004,0.000000
13.207019,13.225060,7.185059,0.000000,0.000000,0.050096,0.050002,258.000000,13.225100,0.000000
13.257020,13.275108,9.096680,0.000000,0.000000,0.050048,0.050001,259.000000,13.275152,0.000000
13.307026,13.325208,9.030762,0.000000,0.000000,0.050100,0.050006,260.000000,13.325248,0.000000
13.357026,13.375252,7.185059,0.000000,0.000000,0.050044,0.050000,261.000000,13.375292,0.000000
13.407033,13.425304,3.823242,0.000000,0.000000,0.050052,0.050007,262.000000,13.425348,0.000000
13.457038,13.475400,-0.197754,0.000000,0.000000,0.050096,0.050005,263.000000,13.475440,0.000000
13.507046,13.525496,-4.086914,0.000000,0.000000,0.050096,0.050008,264.000000,13.525536,0.000000
13.557053,13.575548,-7.053223,0.000000,0.000000,0.050052,0.050007,265.000000,13.575588,0.000000
13.607061,13.625604,-8.371582,0.000000,0.000000,0.050056,0.050008,266.000000,13.625644,0.000000
13.657069,13.675700,-7.910156,0.000000,0.000000,0.050096,0.050008,267.000000,13.675740,0.000000
13.707073,13.725756,-5.800781,0.000000,0.000000,0.050056,0.050005,268.000000,13.725792,0.000000
13.757080,13.775848,-2.504883,0.000000,0.000000,0.050092,0.050006,269.000000,13.775892,0.000000
13.807086,13.825908,1.384277,0.000000,0.000000,0.050060,0.050007,270.000000,13.825948,0.000000
13.857095,13.876000,5.009766,0.000000,0.000000,0.050092,0.050008,271.000000,13.876040,0.000000
13.907099,13.926044,7.448730,0.000000,0.000000,0.050044,0.050004,272.000000,13.926084,0.000000
13.957103,13.976144,8.305664,0.000000,0.000000,0.050100,0.050004,273.000000,13.976180,0.000000
14.007108,14.026188,7.448730,0.000000,0.000000,0.050044,0.050005,274.000000,14.026228,0.000000
14.057111,14.076280,5.075684,0.000000,0.000000,0.050092,0.050003,275.000000,14.076320,0.000000
14.107114,14.126368,1.713867,0.000000,0.000000,0.050088,0.050004,276.000000,14.126408,0.000000
14.157120,14.176420,-1.845703,0.000000,0.000000,0.050052,0.050005,277.000000,14.176456,0.000000
14.207127,14.226476,-5.009766,0.000000,0.000000,0.050056,0.050007,278.000000,14.226516,0.000000
14.257135,14.276568,-7.053223,0.000000,0.000000,0.050092,0.050008,279.000000,14.276612,0.000000
14.307133,14.326620,-7.514648,0.000000,0.000000,0.050052,0.050003,280.000000,14.326660,0.000000
14.357146,14.376712,-6.328125,0.000000,0.000000,0.050092,0.050008,281.000000,14.376752,0.000000
14.407148,14.426800,-3.823242,0.000000,0.000000,0.050088,0.050002,282.000000,14.426840,0.000000
14.457152,14.476844,-0.527344,0.000000,0.000000,0.050044,0.050004,283.000000,14.476884,0.000000
14.507161,14.526936,2.900391,0.000000,0.000000,0.050092,0.050009,284.000000,14.526976,0.000000
14.557161,14.576980,5.668945,0.000000,0.000000,0.050044,0.050000,285.000000,14.577020,0.000000
14.607164,14.627072,7.250977,0.000000,0.000000,0.050092,0.050003,286.000000,14.627112,0.000000
14.657170,14.677132,7.250977,0.000000,0.000000,0.050060,0.050006,287.000000,14.677168,0.000000
14.707169,14.727360,5.668945,0.000000,0.000000,0.050228,0.050000,288.000000,14.727396,0.000000
14.757171,14.777320,3.164062,0.000000,0.000000,0.049960,0.050001,289.000000,14.777364,0.000000
14.807173,14.827372,-0.131836,0.000000,0.000000,0.050052,0.050003,290.000000,14.827412,0.000000
14.857176,14.877420,-3.164062,0.000000,0.000000,0.050048,0.050002,291.000000,14.877460,0.000000
14.907179,14.927520,-5.471191,0.000000,0.000000,0.050100,0.050003,292.000000,14.927560,0.000000
14.957186,14.977564,-6.591797,0.000000,0.000000,0.050044,0.050008,293.000000,14.977604,0.000000
15.007189,15.027664,-6.196289,0.000000,0.000000,0.050100,0.050002,294.000000,15.027704,0.000000
15.057189,15.077704,-4.482422,0.000000,0.000000,0.050040,0.050000,295.000000,15.077748,0.000000
15.107192,15.127800,-1.845703,0.000000,0.000000,0.050096,0.050003,296.000000,15.127840,0.000000
15.157198,15.177844,1.186523,0.000000,0.000000,0.050044,0.050007,297.000000,15.177888,0.000000
15.207202,15.227948,4.020996,0.000000,0.000000,0.050104,0.050003,298.000000,15.227988,0.000000
15.257202,15.278176,5.932617,0.000000,0.000000,0.050228,0.050000,299.000000,15.278212,0.000000
15.307202,15.328100,6.591797,0.000000,0.000000,0.049924,0.050000,300.000000,15.328140,0.000000
15.357204,15.378148,5.866699,0.000000,0.000000,0.050048,0.050002,301.000000,15.378188,0.000000
15.407206,15.428248,3.955078,0.000000,0.000000,0.050100,0.050002,302.000000,15.428288,0.000000
15.457205,15.478288,1.318359,0.000000,0.000000,0.050040,0.050000,303.000000,15.478332,0.000000
15.507211,15.528556,-1.516113,0.000000,0.000000,0.050268,0.050005,304.000000,15.528592,0.000000
15.557215,15.578476,-3.955078,0.000000,0.000000,0.049920,0.050004,305.000000,15.578516,0.000000
15.607223,15.628524,-5.471191,0.000000,0.000000,0.050048,0.050008,306.000000,15.628564,0.000000
15.657223,15.678620,-5.734863,0.000000,0.000000,0.050096,0.050000,307.000000,15.678660,0.000000
15.707223,15.728684,-4.746094,0.000000,0.000000,0.050064,0.050000,308.000000,15.728720,0.000000
15.757227,15.778912,-2.768555,0.000000,0.000000,0.050228,0.050005,309.000000,15.778948,0.000000
15.807236,15.828828,-0.197754,0.000000,0.000000,0.049916,0.050009,310.000000,15.828868,0.000000
15.857238,15.878884,2.438965,0.000000,0.000000,0.050056,0.050002,311.000000,15.878924,0.000000
15.907245,15.928984,4.548340,0.000000,0.000000,0.050100,0.050007,312.000000,15.929024,0.000000
15.957245,15.979044,5.603027,0.000000,0.000000,0.050060,0.050000,313.000000,15.979084,0.000000
16.007251,16.029092,5.537109,0.000000,0.000000,0.050048,0.050005,314.000000,16.029132,0.000000
16.057260,16.079192,4.284668,0.000000,0.000000,0.050100,0.050009,315.000000,16.079232,0.000000
16.107266,16.129244,2.241211,0.000000,0.000000,0.050052,0.050007,316.000000,16.129284,0.000000
16.157273,16.179340,-0.197754,0.000000,0.000000,0.050096,0.050006,317.000000,16.179380,0.000000
16.207279,16.229396,-2.504883,0.000000,0.000000,0.050056,0.050007,318.000000,16.229432,0.000000
16.257283,16.279624,-4.218750,0.000000,0.000000,0.050228,0.050003,319.000000,16.279660,0.000000
16.307291,16.329540,-4.943848,0.000000,0.000000,0.049916,0.050008,320.000000,16.329580,0.000000
16.357292,16.379632,-4.482422,0.000000,0.000000,0.050092,0.050001,321.000000,16.379672,0.000000
16.407299,16.429692,-3.164062,0.000000,0.000000,0.050060,0.050008,322.000000,16.429732,0.000000
16.457305,16.479912,-1.186523,0.000000,0.000000,0.050220,0.050005,323.000000,16.479952,0.000000
16.507313,16.529836,1.120605,0.000000,0.000000,0.049924,0.050008,324.000000,16.529876,0.000000
16.557320,16.579892,3.229980,0.000000,0.000000,0.050056,0.050007,325.000000,16.579932,0.000000
16.607325,16.629984,4.548340,0.000000,0.000000,0.050092,0.050005,326.000000,16.630024,0.000000
16.657326,16.680036,4.877930,0.000000,0.000000,0.050052,0.050001,327.000000,16.680072,0.000000
16.707326,16.730124,4.218750,0.000000,0.000000,0.050088,0.050000,328.000000,16.730164,0.000000
16.757333,16.780788,2.702637,0.000000,0.000000,0.050664,0.050007,329.000000,16.780824,0.000000
16.807338,16.830264,0.791016,0.000000,0.000000,0.049476,0.050005,330.000000,16.830304,0.000000
16.857339,16.880352,-1.318359,0.000000,0.000000,0.050088,0.050001,331.000000,16.880392,0.000000
16.907340,16.930976,-3.032227,0.000000,0.000000,0.050624,0.050001,332.000000,16.931016,0.000000
16.957347,16.980460,-3.955078,0.000000,0.000000,0.049484,0.050008,333.000000,16.980504,0.000000
17.007352,17.030552,-4.086914,0.000000,0.000000,0.050092,0.050005,334.000000,17.030592,0.000000
17.057357,17.080648,-3.164062,0.000000,0.000000,0.050096,0.050004,335.000000,17.080688,0.000000
17.107358,17.130692,-1.713867,0.000000,0.000000,0.050044,0.050001,336.000000,17.130732,0.000000
17.157359,17.180792,0.131836,0.000000,0.000000,0.050100,0.050001,337.000000,17.180828,0.000000
17.207364,17.230852,1.977539,0.000000,0.000000,0.050060,0.050005,338.000000,17.230888,0.000000
17.257366,17.280896,3.427734,0.000000,0.000000,0.050044,0.050002,339.000000,17.280940,0.000000
17.307367,17.331556,4.086914,0.000000,0.000000,0.050660,0.050002,340.000000,17.331592,0.000000
17.357368,17.381212,3.823242,0.000000,0.000000,0.049656,0.050000,341.000000,17.381252,0.000000
17.407369,17.431264,2.900391,0.000000,0.000000,0.050052,0.050005,342.000000,17.431308,0.000000
17.457373,17.481196,1.318359,0.000000,0.000000,0.049932,0.050000,343.000000,17.481236,0.000000
17.507375,17.531288,-0.395508,0.000000,0.000000,0.050092,0.050003,344.000000,17.531328,0.000000
17.557384,17.581340,-1.977539,0.000000,0.000000,0.050052,0.050009,345.000000,17.581380,0.000000
17.607390,17.631436,-3.032227,0.000000,0.000000,0.050096,0.050005,346.000000,17.631476,0.000000
17.657393,17.681492,-3.361816,0.000000,0.000000,0.050056,0.050003,347.000000,17.681528,0.000000
17.707397,17.731720,-2.900391,0.000000,0.000000,0.050228,0.050007,348.000000,17.731756,0.000000
17.757405,17.781776,-1.779785,0.000000,0.000000,0.050056,0.050006,349.000000,17.781816,0.000000
17.807405,17.832308,-0.395508,0.000000,0.000000,0.050532,0.050000,350.000000,17.832344,0.000000
17.857407,17.881792,1.186523,0.000000,0.000000,0.049484,0.050001,351.000000,17.881832,0.000000
17.907413,17.931880,2.504883,0.000000,0.000000,0.050088,0.050006,352.000000,17.931920,0.000000
17.957416,17.981940,3.229980,0.000000,0.000000,0.050060,0.050003,353.000000,17.981980,0.000000
18.007421,18.032588,3.229980,0.000000,0.000000,0.050648,0.050005,354.000000,18.032628,0.000000
18.057425,18.082212,2.636719,0.000000,0.000000,0.049624,0.050004,355.000000,18.082256,0.000000
18.107430,18.132140,1.450195,0.000000,0.000000,0.049928,0.050005,356.000000,18.132180,0.000000
18.157430,18.182228,0.131836,0.000000,0.000000,0.050088,0.050000,357.000000,18.182268,0.000000
18.207435,18.232328,-1.186523,0.000000,0.000000,0.050100,0.050006,358.000000,18.232364,0.000000
18.257443,18.282516,-2.109375,0.000000,0.000000,0.050188,0.050007,359.000000,18.282556,0.000000
18.307442,18.332996,-2.570801,0.000000,0.000000,0.050480,0.050000,360.000000,18.333040,0.000000
18.357451,18.382652,-2.373047,0.000000,0.000000,0.049656,0.050008,361.000000,18.382692,0.000000
18.407457,18.432744,-1.713867,0.000000,0.000000,0.050092,0.050006,362.000000,18.432784,0.000000
18.457457,18.483232,-0.527344,0.000000,0.000000,0.050488,0.050000,363.000000,18.483272,0.000000
18.507463,18.532900,0.593262,0.000000,0.000000,0.049668,0.050007,364.000000,18.532936,0.000000
18.557467,18.582948,1.713867,0.000000,0.000000,0.050048,0.050003,365.000000,18.582988,0.000000
18.607476,18.633048,2.438965,0.000000,0.000000,0.050100,0.050009,366.000000,18.633088,0.000000
18.657475,18.683092,2.636719,0.000000,0.000000,0.050044,0.050000,367.000000,18.683132,0.000000
18.707481,18.733188,2.241211,0.000000,0.000000,0.050096,0.050006,368.000000,18.733228,0.000000
18.757490,18.783244,1.450195,0.000000,0.000000,0.050056,0.050008,369.000000,18.783280,0.000000
18.807498,18.833736,0.395508,0.000000,0.000000,0.050492,0.050009,370.000000,18.833776,0.000000
18.857499,18.883824,-0.527344,0.000000,0.000000,0.050088,0.050001,371.000000,18.883864,0.000000
18.907509,18.933444,-1.318359,0.000000,0.000000,0.049620,0.050009,372.000000,18.933488,0.000000
18.957515,18.983972,-1.845703,0.000000,0.000000,0.050528,0.050007,373.000000,18.984008,0.000000
19.007518,19.033636,-1.845703,0.000000,0.000000,0.049664,0.050003,374.000000,19.033672,0.000000
19.057519,19.083684,-1.318359,0.000000,0.000000,0.050048,0.050000,375.000000,19.083724,0.000000
19.107527,19.133784,-0.659180,0.000000,0.000000,0.050100,0.050008,376.000000,19.133824,0.000000
19.157535,19.183836,0.263672,0.000000,0.000000,0.050052,0.050008,377.000000,19.183876,0.000000
19.207539,19.233892,1.120605,0.000000,0.000000,0.050056,0.050004,378.000000,19.233928,0.000000
19.257544,19.283988,1.713867,0.000000,0.000000,0.050096,0.050005,379.000000,19.284028,0.000000
19.307547,19.344488,1.911621,0.000000,0.000000,0.060500,0.050003,380.000000,19.344528,0.000000
19.357554,19.384540,1.845703,0.000000,0.000000,0.040052,0.050008,381.000000,19.384580,0.000000
19.357565,19.539788,-0.197754,0.000000,0.000000,0.155248,0.155217,382.000000,19.539824,0.000000
19.562774,19.589836,-0.791016,0.000000,0.000000,0.050048,0.050002,383.000000,19.589876,0.000000
19.612782,19.639928,-1.186523,0.000000,0.000000,0.050092,0.050008,384.000000,19.639968,0.000000
19.662789,19.689980,-1.186523,0.000000,0.000000,0.050052,0.050007,385.000000,19.690020,0.000000
19.712793,19.740072,-0.922852,0.000000,0.000000,0.050092,0.050005,386.000000,19.740112,0.000000
19.762795,19.790124,-0.461426,0.000000,0.000000,0.050052,0.050002,387.000000,19.790164,0.000000
19.812797,19.840224,0.065918,0.000000,0.000000,0.050100,0.050001,388.000000,19.840264,0.000000
19.862798,19.890712,0.659180,0.000000,0.000000,0.050488,0.050001,389.000000,19.890752,0.000000
19.912802,19.940380,1.054688,0.000000,0.000000,0.049668,0.050008,390.000000,19.940416,0.000000
19.962814,19.990436,1.318359,0.000000,0.000000,0.050056,0.050008,391.000000,19.990476,0.000000
20.012820,20.040484,1.186523,0.000000,0.000000,0.050048,0.050006,392.000000,20.040524,0.000000
20.062819,20.090576,1.054688,0.000000,0.000000,0.050092,0.050000,393.000000,20.090616,0.000000
20.112827,20.140664,0.593262,0.000000,0.000000,0.050088,0.050007,394.000000,20.140704,0.000000
20.162827,20.190716,0.131836,0.000000,0.000000,0.050052,0.050001,395.000000,20.190756,0.000000
20.212837,20.240760,-0.197754,0.000000,0.000000,0.050044,0.050009,396.000000,20.240804,0.000000
20.262846,20.290856,-0.461426,0.000000,0.000000,0.050096,0.050009,397.000000,20.290896,0.000000
20.312853,20.340952,-0.527344,0.000000,0.000000,0.050096,0.050006,398.000000,20.340992,0.000000
20.362852,20.391440,-0.461426,0.000000,0.000000,0.050488,0.050000,399.000000,20.391480,0.000000
20.412860,20.441100,-0.197754,0.000000,0.000000,0.049660,0.050008,400.000000,20.441136,0.000000
20.462860,20.491148,0.000000,0.000000,0.000000,0.050048,0.050000,401.000000,20.491188,0.000000
20.512866,20.541668,0.329590,0.000000,0.000000,0.050520,0.050019,402.000000,20.541704,0.000000
20.562883,20.591288,0.593262,0.000000,0.000000,0.049620,0.050005,403.000000,20.591328,0.000000
20.612891,20.641376,0.659180,0.000000,0.000000,0.050088,0.050008,404.000000,20.641416,0.000000
20.662896,20.691464,0.659180,0.000000,0.000000,0.050088,0.050004,405.000000,20.691504,0.000000
20.712899,20.741508,0.659180,0.000000,0.000000,0.050044,0.050003,406.000000,20.741548,0.000000
20.762903,20.791600,0.527344,0.000000,0.000000,0.050092,0.050005,407.000000,20.791640,0.000000
20.812904,20.841652,0.329590,0.000000,0.000000,0.050052,0.050001,408.000000,20.841692,0.000000
20.862910,20.892180,0.131836,0.000000,0.000000,0.050528,0.050005,409.000000,20.892216,0.000000
20.912911,20.942228,0.065918,0.000000,0.000000,0.050048,0.050001,410.000000,20.942268,0.000000
20.962913,20.992280,0.065918,0.000000,0.000000,0.050052,0.050003,411.000000,20.992324,0.000000
21.012914,21.041948,0.065918,0.000000,0.000000,0.049668,0.050000,412.000000,21.041984,0.000000
21.062923,21.092040,0.131836,0.000000,0.000000,0.050092,0.050009,413.000000,21.092080,0.000000
21.112926,21.142520,0.263672,0.000000,0.000000,0.050480,0.050003,414.000000,21.142564,0.000000
21.162935,21.192188,0.329590,0.000000,0.000000,0.049668,0.050009,415.000000,21.192224,0.000000
21.212941,21.242236,0.329590,0.000000,0.000000,0.050048,0.050006,416.000000,21.242276,0.000000
21.262949,21.292336,0.329590,0.000000,0.000000,0.050100,0.050008,417.000000,21.292376,0.000000
21.312954,21.342380,0.329590,0.000000,0.000000,0.050044,0.050005,418.000000,21.342420,0.000000
21.362961,21.403472,0.263672,0.000000,0.000000,0.061092,0.050008,419.000000,21.403512,0.000000
21.412965,21.442952,0.263672,0.000000,0.000000,0.039480,0.050004,420.000000,21.442992,0.000000
21.412976,21.594748,0.263672,0.000000,0.000000,0.151796,0.151911,421.000000,21.594788,0.000000
21.614884,21.645232,0.263672,0.000000,0.000000,0.050484,0.050008,422.000000,21.645272,0.000000
21.664889,21.694892,0.263672,0.000000,0.000000,0.049660,0.050005,423.000000,21.694928,0.000000
21.714895,21.744948,0.263672,0.000000,0.000000,0.050056,0.050005,424.000000,21.744988,0.000000
21.764901,21.795040,0.263672,0.000000,0.000000,0.050092,0.050006,425.000000,21.795080,0.000000
21.814907,21.845132,0.263672,0.000000,0.000000,0.050092,0.050006,426.000000,21.845172,0.000000
21.864914,21.895196,0.263672,0.000000,0.000000,0.050064,0.050007,427.000000,21.895232,0.000000
21.914915,21.945672,0.263672,0.000000,0.000000,0.050476,0.050002,428.000000,21.945712,0.000000
21.964917,21.995320,0.263672,0.000000,0.000000,0.049648,0.050001,429.000000,21.995360,0.000000
22.014905,22.045408,0.263672,0.000000,0.000000,0.050088,0.050000,430.000000,22.045448,0.000000
22.064917,22.095468,0.263672,0.000000,0.000000,0.050060,0.050000,431.000000,22.095508,0.000000
22.114921,22.145560,0.263672,0.000000,0.000000,0.050092,0.050004,432.000000,22.145600,0.000000
22.164926,22.195600,0.263672,0.000000,0.000000,0.050040,0.050005,433.000000,22.195644,0.000000
22.214932,22.246132,0.263672,0.000000,0.000000,0.050532,0.050007,434.000000,22.246172,0.000000
22.264939,22.295768,0.263672,0.000000,0.000000,0.049636,0.050007,435.000000,22.295808,0.000000
22.314947,22.345824,0.263672,0.000000,0.000000,0.050056,0.050011,436.000000,22.345864,0.000000
22.364960,22.395924,0.263672,0.000000,0.000000,0.050100,0.050009,437.000000,22.395964,0.000000
22.414969,22.446408,0.263672,0.000000,0.000000,0.050484,0.050014,438.000000,22.446444,0.000000
22.464971,22.496060,0.263672,0.000000,0.000000,0.049652,0.050001,439.000000,22.496100,0.000000
22.514980,22.546152,0.263672,0.000000,0.000000,0.050092,0.050005,440.000000,22.546192,0.000000
22.564988,22.596212,0.263672,0.000000,0.000000,0.050060,0.050008,441.000000,22.596252,0.000000
22.614989,22.646260,0.263672,0.000000,0.000000,0.050048,0.050001,442.000000,22.646300,0.000000
22.664993,22.696780,0.263672,0.000000,0.000000,0.050520,0.050005,443.000000,22.696820,0.000000
22.714994,22.746396,0.263672,0.000000,0.000000,0.049616,0.050000,444.000000,22.746440,0.000000
22.764995,22.796932,0.263672,0.000000,0.000000,0.050536,0.050001,445.000000,22.796968,0.000000
22.814990,22.846552,0.263672,0.000000,0.000000,0.049620,0.050002,446.000000,22.846592,0.000000
22.865004,22.896652,0.263672,0.000000,0.000000,0.050100,0.050007,447.000000,22.896692,0.000000
22.915013,22.947136,0.263672,0.000000,0.000000,0.050484,0.050009,448.000000,22.947176,0.000000
22.965016,22.996796,0.263672,0.000000,0.000000,0.049660,0.050003,449.000000,22.996836,0.000000
23.015023,23.046844,0.263672,0.000000,0.000000,0.050048,0.050008,450.000000,23.046884,0.000000
23.065029,23.096936,0.263672,0.000000,0.000000,0.050092,0.050006,451.000000,23.096976,0.000000
23.115039,23.146988,0.263672,0.000000,0.000000,0.050052,0.050009,452.000000,23.147028,0.000000
23.165046,23.197508,0.263672,0.000000,0.000000,0.050520,0.050007,453.000000,23.197548,0.000000
23.215049,23.247556,0.263672,0.000000,0.000000,0.050048,0.050003,454.000000,23.247596,0.000000
23.265057,23.297648,0.263672,0.000000,0.000000,0.050092,0.050008,455.000000,23.297688,0.000000
23.315061,23.347744,0.263672,0.000000,0.000000,0.050096,0.050004,456.000000,23.347784,0.000000
23.365070,23.397796,0.263672,0.000000,0.000000,0.050052,0.050009,457.000000,23.397836,0.000000
23.415071,23.447852,0.263672,0.000000,0.000000,0.050056,0.050001,458.000000,23.447892,0.000000
23.465072,23.497944,0.263672,0.000000,0.000000,0.050092,0.050001,459.000000,23.497984,0.000000
23.515075,23.548004,0.263672,0.000000,0.000000,0.050060,0.050003,460.000000,23.548040,0.000000
23.565078,23.598100,0.263672,0.000000,0.000000,0.050096,0.050003,461.000000,23.598140,0.000000
23.615087,23.648148,0.263672,0.000000,0.000000,0.050048,0.050009,462.000000,23.648188,0.000000
23.665091,23.698240,0.263672,0.000000,0.000000,0.050092,0.050004,463.000000,23.698280,0.000000
23.715095,23.748292,0.263672,0.000000,0.000000,0.050052,0.050004,464.000000,23.748332,0.000000
23.765096,23.798384,0.263672,0.000000,0.000000,0.050092,0.050001,465.000000,23.798424,0.000000
23.815098,23.848436,0.263672,0.000000,0.000000,0.050052,0.050002,466.000000,23.848476,0.000000
23.865105,23.898536,0.263672,0.000000,0.000000,0.050100,0.050007,467.000000,23.898576,0.000000
23.915114,23.948588,0.263672,0.000000,0.000000,0.050052,0.050010,468.000000,23.948628,0.000000
23.965122,23.998672,0.263672,0.000000,0.000000,0.050084,0.050007,469.000000,23.998712,0.000000
24.015130,24.048732,0.263672,0.000000,0.000000,0.050060,0.050008,470.000000,24.048768,0.000000
24.065131,24.098828,0.263672,0.000000,0.000000,0.050096,0.050001,471.000000,24.098868,0.000000
24.115137,24.148876,0.263672,0.000000,0.000000,0.050048,0.050007,472.000000,24.148916,0.000000
24.165141,24.198968,0.263672,0.000000,0.000000,0.050092,0.050003,473.000000,24.199008,0.000000
24.215148,24.249012,0.263672,0.000000,0.000000,0.050044,0.050007,474.000000,24.249052,0.000000
24.265152,24.299112,0.263672,0.000000,0.000000,0.050100,0.050004,475.000000,24.299152,0.000000
24.315153,24.349152,0.263672,0.000000,0.000000,0.050040,0.050002,476.000000,24.349196,0.000000
24.365162,24.399248,0.263672,0.000000,0.000000,0.050096,0.050008,477.000000,24.399288,0.000000
24.415166,24.449308,0.263672,0.000000,0.000000,0.050060,0.050004,478.000000,24.449348,0.000000
24.465166,24.499404,0.263672,0.000000,0.000000,0.050096,0.050000,479.000000,24.499444,0.000000
24.515170,24.549468,0.263672,0.000000,0.000000,0.050064,0.050004,480.000000,24.549504,0.000000
24.565177,24.599512,0.263672,0.000000,0.000000,0.050044,0.050007,481.000000,24.599560,0.000000
24.615178,24.649616,0.263672,0.000000,0.000000,0.050104,0.050001,482.000000,24.649656,0.000000
24.665187,24.699668,0.263672,0.000000,0.000000,0.050052,0.050009,483.000000,24.699708,0.000000
24.715191,24.749760,0.263672,0.000000,0.000000,0.050092,0.050004,484.000000,24.749800,0.000000
24.765192,24.799812,0.263672,0.000000,0.000000,0.050052,0.050001,485.000000,24.799852,0.000000
24.815196,24.849912,0.263672,0.000000,0.000000,0.050100,0.050004,486.000000,24.849952,0.000000
24.865198,24.899964,0.263672,0.000000,0.000000,0.050052,0.050002,487.000000,24.900004,0.000000
24.915205,24.950056,0.263672,0.000000,0.000000,0.050092,0.050007,488.000000,24.950096,0.000000
24.965210,25.000108,0.263672,0.000000,0.000000,0.050052,0.050005,489.000000,25.000144,0.000000
25.015215,25.050204,0.263672,0.000000,0.000000,0.050096,0.050005,490.000000,25.050244,0.000000
25.065218,25.100252,0.263672,0.000000,0.000000,0.050048,0.050003,491.000000,25.100300,0.000000
25.115224,25.150352,0.263672,0.000000,0.000000,0.050100,0.050006,492.000000,25.150392,0.000000
25.165231,25.200404,0.263672,0.000000,0.000000,0.050052,0.050007,493.000000,25.200444,0.000000
25.215232,25.250504,0.263672,0.000000,0.000000,0.050100,0.050002,494.000000,25.250544,0.000000
25.265238,25.300556,0.263672,0.000000,0.000000,0.050052,0.050005,495.000000,25.300596,0.000000
25.315239,25.350600,0.263672,0.000000,0.000000,0.050044,0.050001,496.000000,25.350644,0.000000
25.365246,25.400696,0.263672,0.000000,0.000000,0.050096,0.050007,497.000000,25.400736,0.000000
25.415248,25.450744,0.263672,0.000000,0.000000,0.050048,0.050002,498.000000,25.450788,0.000000
25.465256,25.500844,0.263672,0.000000,0.000000,0.050100,0.050008,499.000000,25.500884,0.000000
25.515257,25.550892,0.263672,0.000000,0.000000,0.050048,0.050001,500.000000,25.550936,0.000000
25.565263,25.600992,0.263672,0.000000,0.000000,0.050100,0.050006,501.000000,25.601036,0.000000
25.615271,25.651052,0.263672,0.000000,0.000000,0.050060,0.050008,502.000000,25.651092,0.000000
25.665275,25.701152,0.263672,0.000000,0.000000,0.050100,0.050004,503.000000,25.701192,0.000000
25.715283,25.751204,0.263672,0.000000,0.000000,0.050052,0.050008,504.000000,25.751244,0.000000
25.765283,25.801304,0.263672,0.000000,0.000000,0.050100,0.050000,505.000000,25.801344,0.000000
25.815286,25.851348,0.263672,0.000000,0.000000,0.050044,0.050003,506.000000,25.851388,0.000000
25.865286,25.901440,0.263672,0.000000,0.000000,0.050092,0.050000,507.000000,25.901480,0.000000
25.915286,25.951488,0.263672,0.000000,0.000000,0.050048,0.050000,508.000000,25.951524,0.000000
25.965290,26.001580,0.263672,0.000000,0.000000,0.050092,0.050004,509.000000,26.001620,0.000000
26.015296,26.051636,0.263672,0.000000,0.000000,0.050056,0.050006,510.000000,26.051672,0.000000
26.065302,26.101728,0.263672,0.000000,0.000000,0.050092,0.050006,511.000000,26.101772,0.000000
26.115304,26.151780,0.263672,0.000000,0.000000,0.050052,0.050002,512.000000,26.151820,0.000000
26.165311,26.201880,0.263672,0.000000,0.000000,0.050100,0.050007,513.000000,26.201920,0.000000
26.215315,26.251932,0.263672,0.000000,0.000000,0.050052,0.050004,514.000000,26.251972,0.000000
26.265314,26.302024,0.263672,0.000000,0.000000,0.050092,0.050000,515.000000,26.302064,0.000000
26.315318,26.352076,0.263672,0.000000,0.000000,0.050052,0.050003,516.000000,26.352116,0.000000
26.365325,26.402168,0.263672,0.000000,0.000000,0.050092,0.050007,517.000000,26.402208,0.000000
26.415330,26.452212,0.263672,0.000000,0.000000,0.050044,0.050005,518.000000,26.452252,0.000000
26.465334,26.502440,0.263672,0.000000,0.000000,0.050228,0.050004,519.000000,26.502476,0.000000
26.515340,26.552364,0.263672,0.000000,0.000000,0.049924,0.050006,520.000000,26.552404,0.000000
26.565346,26.602456,0.263672,0.000000,0.000000,0.050092,0.050006,521.000000,26.602500,0.000000
26.615349,26.652508,0.263672,0.000000,0.000000,0.050052,0.050003,522.000000,26.652548,0.000000
26.665349,26.702608,0.263672,0.000000,0.000000,0.050100,0.050000,523.000000,26.702648,0.000000
26.715352,26.752824,0.263672,0.000000,0.000000,0.050216,0.050003,524.000000,26.752864,0.000000
26.765353,26.802748,0.263672,0.000000,0.000000,0.049924,0.050001,525.000000,26.802788,0.000000
26.815355,26.852796,0.263672,0.000000,0.000000,0.050048,0.050002,526.000000,26.852836,0.000000
26.865357,26.902896,0.263672,0.000000,0.000000,0.050100,0.050002,527.000000,26.902936,0.000000
26.915364,26.952948,0.263672,0.000000,0.000000,0.050052,0.050007,528.000000,26.952988,0.000000
26.965371,27.003044,0.263672,0.000000,0.000000,0.050096,0.050007,529.000000,27.003084,0.000000
27.015379,27.053272,0.263672,0.000000,0.000000,0.050228,0.050008,530.000000,27.053308,0.000000
27.065387,27.103188,0.263672,0.000000,0.000000,0.049916,0.050008,531.000000,27.103232,0.000000
27.115390,27.153244,0.263672,0.000000,0.000000,0.050056,0.050003,532.000000,27.153284,0.000000
27.165399,27.203300,0.263672,0.000000,0.000000,0.050056,0.050009,533.000000,27.203340,0.000000
27.215400,27.253400,0.263672,0.000000,0.000000,0.050100,0.050001,534.000000,27.253440,0.000000
27.265401,27.303452,0.263672,0.000000,0.000000,0.050052,0.050001,535.000000,27.303492,0.000000
27.315406,27.353544,0.263672,0.000000,0.000000,0.050092,0.050005,536.000000,27.353584,0.000000
27.365415,27.403596,0.263672,0.000000,0.000000,0.050052,0.050009,537.000000,27.403636,0.000000
27.415422,27.453816,0.263672,0.000000,0.000000,0.050220,0.050007,538.000000,27.453856,0.000000
27.465428,27.503740,0.263672,0.000000,0.000000,0.049924,0.050006,539.000000,27.503780,0.000000
27.515431,27.553968,0.263672,0.000000,0.000000,0.050228,0.050003,540.000000,27.554004,0.000000
27.565437,27.603884,0.263672,0.000000,0.000000,0.049916,0.050007,541.000000,27.603924,0.000000
27.615439,27.653984,0.263672,0.000000,0.000000,0.050100,0.050002,542.000000,27.654024,0.000000
27.665445,27.704208,0.263672,0.000000,0.000000,0.050224,0.050005,543.000000,27.704248,0.000000
27.715450,27.754132,0.263672,0.000000,0.000000,0.049924,0.050005,544.000000,27.754172,0.000000
27.765453,27.804180,0.263672,0.000000,0.000000,0.050048,0.050003,545.000000,27.804220,0.000000
27.815459,27.854272,0.263672,0.000000,0.000000,0.050092,0.050006,546.000000,27.854312,0.000000
27.865465,27.904324,0.263672,0.000000,0.000000,0.050052,0.050006,547.000000,27.904364,0.000000
27.915466,27.954416,0.263672,0.000000,0.000000,0.050092,0.050001,548.000000,27.954456,0.000000
27.965469,28.004476,0.263672,0.000000,0.000000,0.050060,0.050004,549.000000,28.004512,0.000000
28.015478,28.055132,0.263672,0.000000,0.000000,0.050656,0.050008,550.000000,28.055168,0.000000
28.065478,28.104616,0.263672,0.000000,0.000000,0.049484,0.050000,551.000000,28.104656,0.000000
28.115479,28.154832,0.263672,0.000000,0.000000,0.050216,0.050001,552.000000,28.154872,0.000000
28.165488,28.204764,0.263672,0.000000,0.000000,0.049932,0.050009,553.000000,28.204804,0.000000
28.215497,28.254856,0.263672,0.000000,0.000000,0.050092,0.050009,554.000000,28.254896,0.000000
28.265501,28.304908,0.263672,0.000000,0.000000,0.050052,0.050004,555.000000,28.304948,0.000000
28.315510,28.354964,0.263672,0.000000,0.000000,0.050056,0.050009,556.000000,28.355004,0.000000
28.365518,28.405064,0.263672,0.000000,0.000000,0.050100,0.050008,557.000000,28.405104,0.000000
28.415526,28.455280,0.263672,0.000000,0.000000,0.050216,0.050008,558.000000,28.455320,0.000000
28.465535,28.505204,0.263672,0.000000,0.000000,0.049924,0.050009,559.000000,28.505244,0.000000
28.515544,28.555860,0.263672,0.000000,0.000000,0.050656,0.050009,560.000000,28.555900,0.000000
28.565549,28.605480,0.263672,0.000000,0.000000,0.049620,0.050006,561.000000,28.605520,0.000000
28.615551,28.655576,0.263672,0.000000,0.000000,0.050096,0.050001,562.000000,28.655620,0.000000
28.665550,28.705500,0.263672,0.000000,0.000000,0.049924,0.050000,563.000000,28.705540,0.000000
28.715554,28.755556,0.263672,0.000000,0.000000,0.050056,0.050003,564.000000,28.755596,0.000000
28.765562,28.805776,0.263672,0.000000,0.000000,0.050220,0.050008,565.000000,28.805816,0.000000
28.815567,28.855700,0.263672,0.000000,0.000000,0.049924,0.050005,566.000000,28.855740,0.000000
28.865567,28.905800,0.263672,0.000000,0.000000,0.050100,0.050001,567.000000,28.905840,0.000000
28.915572,28.955844,0.263672,0.000000,0.000000,0.050044,0.050004,568.000000,28.955884,0.000000
28.965577,29.005940,0.263672,0.000000,0.000000,0.050096,0.050005,569.000000,29.005980,0.000000
29.015578,29.056596,0.263672,0.000000,0.000000,0.050656,0.050001,570.000000,29.056632,0.000000
29.065583,29.106080,0.263672,0.000000,0.000000,0.049484,0.050006,571.000000,29.106120,0.000000
29.115593,29.156304,0.263672,0.000000,0.000000,0.050224,0.050009,572.000000,29.156344,0.000000
29.165595,29.206364,0.263672,0.000000,0.000000,0.050060,0.050003,573.000000,29.206404,0.000000
29.215597,29.256856,0.263672,0.000000,0.000000,0.050492,0.050007,574.000000,29.256896,0.000000
29.265606,29.306524,0.263672,0.000000,0.000000,0.049668,0.050003,575.000000,29.306560,0.000000
29.315609,29.356572,0.263672,0.000000,0.000000,0.050048,0.050004,576.000000,29.356612,0.000000
29.365616,29.406664,0.263672,0.000000,0.000000,0.050092,0.050007,577.000000,29.406704,0.000000
29.415617,29.456752,0.263672,0.000000,0.000000,0.050088,0.050000,578.000000,29.456792,0.000000
29.465618,29.506804,0.263672,0.000000,0.000000,0.050052,0.050001,579.000000,29.506844,0.000000
29.515624,29.556860,0.263672,0.000000,0.000000,0.050056,0.050007,580.000000,29.556896,0.000000
29.565632,29.607388,0.263672,0.000000,0.000000,0.050528,0.050007,581.000000,29.607424,0.000000
29.615633,29.657044,0.263672,0.000000,0.000000,0.049656,0.050001,582.000000,29.657088,0.000000
29.665638,29.707488,0.263672,0.000000,0.000000,0.050444,0.050005,583.000000,29.707532,0.000000
29.715644,29.757156,0.263672,0.000000,0.000000,0.049668,0.050006,584.000000,29.757192,0.000000
29.765647,29.807256,0.263672,0.000000,0.000000,0.050100,0.050003,585.000000,29.807296,0.000000
29.815647,29.857300,0.263672,0.000000,0.000000,0.050044,0.050000,586.000000,29.857340,0.000000
29.865651,29.907392,0.263672,0.000000,0.000000,0.050092,0.050004,587.000000,29.907432,0.000000
29.915656,29.957480,0.263672,0.000000,0.000000,0.050088,0.050005,588.000000,29.957520,0.000000
29.965659,30.007524,0.263672,0.000000,0.000000,0.050044,0.050003,589.000000,30.007564,0.000000
