P = 1.2; %1.2175;
    % I = 0.2235;
    I = 0.25;
    D = 0.20;